 MAURETTE, NICHOLAS       0554585  452 SDF  A30 CPT 2 16                                                                  

      RUDD, DEWAYNE            0554976  553 SDF  A30 CPT 27 26 9 12                                                            

      CHALFANT, HOLLAND        0556607  567 SDF  A30 CPT 7 14 9 30 25 4 13                                                     

      MEISINGER, COLE          0555557  663 SDF  A30 CPT 2 31 28 6 11                                                          

      SANDBERG, THOMAS         0556804  717 SDF  A30 CPT 8 10 16 12 18 19 7 4                                                  

      ADAMS, TIMOTHY           0554811  723 SDF  A30 CPT 23 29 4 25 17 3 2 7 20 24 6 28 31                                     

      HEDLEY, DIETRICH         0554435  737 SDF  A30 CPT 11 10 14 2 8 5 9 30 32                                                

      BARBER, DONALD           0554805  982 SDF  A30 CPT 11 8 2 16 15 31 22 17 4 30 9 13 28 32                                 

      BOWEN, JOHN              0554584 1017 SDF  A30 CPT 9 4 11 8 16 18 17 14                                                  

      HAHN, TIMOTHY            0554817 1056 SDF  A30 CPT 2 9 1 16 14 6 7 8 10 12 13 3 17 4 5 18 19 28 20 31 21 30 32 29 11 22  
                                                         25 23 15 26 27 24                                                     

      BAILEY, RICHARD          0555052 1074 SDF  A30 CPT 29 2 16 5 28 1 2 3 18 6 8 15 16 19 11 12 27                           

      WHITESTONE, JASON        0554375 1110 SDF  A30 CPT 11 15 9 10 5 8 16 21 20 12 13 14                                      

      HOLLON, GARY             0554886 1150 SDF  A30 CPT 8 5 2 1 10 31 16 19 11 6 18 14 13                                     

      MERCHANT, PARESH         0555896 1161 SDF  A30 CPT 9 23 8 27 16 17 2 1 13 12 7 6 18 10 5 28                              

      RICH, JEFFREY            0555110 1232 SDF  A30 CPT 15 23 20 13 11 30 32                                                  

      BOLCIK, SCOTT            0554851 1257 SDF  A30 CPT 11 20 2 8 10 5 15 23 12 13 19 1 14 16 26 27 24 17 25 6 9              

      DAVIS, CHARLES           0993718 1304 SDF  A30 CPT 11 20 15 13 6 12 26 25 30 32 6 27 22 23 24 29 1 2 3 4 5 6 7 8 9 10 11 
                                                         12 13 14 15 16 17 18 19 20 21 22 23 24 25 26 27 28 29 30 31 32        

      THOMPSON, JON            1004894 1307 SDF  A30 CPT 11 14 13 5 6 8 15 14 2 9 10 1 17 25 20 29 3 4 7 12 16                 

      SNYDER, ROBERT           1012621 1315 SDF  A30 CPT 7 11 12 4 9 13 14 18 19 21 24 25 26 28 29 30 32 16 1 2 3 16 23 6 8 10 
                                                         15 17 20 22 27 31                                                     

      WINTERS, LEE             1086583 1381 SDF  A30 CPT 1 2 3 4 5 6 7 8 9 10 11 12 13 14 15 16 17 18 19 20 21 22 23 24 25 26  
                                                         27 28 29 30                                                           

      BONDS, STERLING          1086585 1384 SDF  A30 CPT 6 19 10 18 3 29 28 30 22 14 4 21 12 1 2 3 4 5 6 7 8 9 10 11 12 13 14  
                                                         15 16 17 18 19 20 21 22 23 24 25 26 27 28 29 30 31 32                 

      GAYLE, WILLIAM           1102327 1385 SDF  A30 CPT 2 12 7 1 5 9 10 14 6 11 16 8 3 15 4 17 18 19 28 21 25 23 27 32 29 30  
                                                         31 22 13 26 20 24                                                     

      YOUNG, JEFFREY           1113702 1403 SDF  A30 CPT 11 6 10 2 13 1 9 14 13 26 24 27 15 20 22                              

      RAWLS, THOMAS            1208785 1468 SDF  A30 CPT 2 6 31 28 21 19 17 16 10 8 15 5 9 30 32 14 18 12 7 13 29 11 3 1 23 26 
                                                         4 25 20 22 24 27                                                      

      ZAWISZA, MICHAEL         1208798 1482 SDF  A30 CPT 28 31 29 27 24 1 2 3 4 5 6 7 8 9 10 11 12 13 14 15 16 17 18 19 20 21  
                                                         22 23 25 26 30                                                        
      
      MIZZELL, JOSEPH          1219551 1493 SDF  A30 CPT 6 1 2 3 4 5 7 8 9 10 11 12 13 14 15 16 17 18 19 20 21 22 24 25 26 27  
                                                         28 29 30 31 32 23                                                     

      MATTSSON, LARS           1225393 1501 SDF  A30 CPT 4 8 10 11 16 19 20 21 22 28 31 1 2 3 5 6 9 12 13 14 15 17 18 23 24 25 
                                                         26 27 29 30 32